202200130076 0001 85
202200130119 0002 68
202200171012 0004 75
202200201148 0005 60
202200450040 0006 80
202200460115 0007 95
202200460118 0001 80
202222130196 0002 75
202222150135 0005 75
202222150140 0005 60 
202222161172 0008 99
202222171174 0011 90
202222460127 0002 92
202200130076 0004 85
202200130119 0012 68
202200130147 0007 100
202200130222 0006 99
202200201148 0007 60
202200450040 0003 80
202200460115 0004 95
202222130198 0007 65
202222130201 0003 95
202222150135 0005 75
202222150140 0003 60 
202222161172 0009 99
202222171174 0010 90
202222201115 0011 83
202222400150 0011 84
202222460127 0012 92

